File tests/basis/cc-pvdz.gamess-us.dat is opened
File tests/geom/H2.dat is opened
-----------------------------------
Iteration = 0
-----------------------------------
F: 
-1.10956250 -0.94442942  0.00000000  0.00000000 -0.25273424 -0.96791451 -0.85771889  0.00000000  0.00000000  0.49955053
-0.94442942 -0.85432438  0.00000000  0.00000000 -0.19759437 -0.85771889 -0.80165433  0.00000000  0.00000000  0.32705614
 0.00000000  0.00000000  0.31763657  0.00000000  0.00000000  0.00000000  0.00000000 -0.14267380  0.00000000  0.00000000
 0.00000000  0.00000000  0.00000000  0.31763657  0.00000000  0.00000000  0.00000000  0.00000000 -0.14267380  0.00000000
-0.25273424 -0.19759437  0.00000000  0.00000000  0.06820396 -0.49955053 -0.32705614  0.00000000  0.00000000 -0.25802413
-0.96791451 -0.85771889  0.00000000  0.00000000 -0.49955053 -1.10956250 -0.94442942  0.00000000  0.00000000  0.25273424
-0.85771889 -0.80165433  0.00000000  0.00000000 -0.32705614 -0.94442942 -0.85432438  0.00000000  0.00000000  0.19759437
 0.00000000  0.00000000 -0.14267380  0.00000000  0.00000000  0.00000000  0.00000000  0.31763657  0.00000000  0.00000000
 0.00000000  0.00000000  0.00000000 -0.14267380  0.00000000  0.00000000  0.00000000  0.00000000  0.31763657  0.00000000
 0.49955053  0.32705614  0.00000000  0.00000000 -0.25802413  0.25273424  0.19759437  0.00000000  0.00000000  0.06820396
Energies: 
-1.27974281
-0.60704355
-0.32131771
-0.02658489
 0.11739031
 0.11739031
 0.79303432
 0.90334204
 0.90334204
 2.34456480
Vectors: 
 0.85296276 -0.88271676 -0.99740157 -1.38180700 -0.00000000  0.00000000 -0.86000748  0.00000000 -0.00000000  4.45187344
-0.37166507 -0.71554806  1.22696502  2.94539825  0.00000000 -0.00000000  0.70505570 -0.00000000  0.00000000 -2.06676107
-0.00000000 -0.00000000 -0.00000000 -0.00000000  0.45655189 -0.35641636 -0.00000000 -0.06177931  0.98864290 -0.00000000
-0.00000000 -0.00000000 -0.00000000  0.00000000 -0.35641636 -0.45655189 -0.00000000  0.98864290  0.06177931 -0.00000000
 0.04818094  0.08880596 -0.06126243  0.24900763 -0.00000000 -0.00000000  0.72261054  0.00000000  0.00000000  2.04847624
 0.85296276  0.88271676 -0.99740157  1.38180700  0.00000000 -0.00000000 -0.86000748 -0.00000000 -0.00000000 -4.45187344
-0.37166507  0.71554806  1.22696502 -2.94539825 -0.00000000  0.00000000  0.70505570  0.00000000  0.00000000  2.06676107
 0.00000000  0.00000000 -0.00000000 -0.00000000  0.45655189 -0.35641636  0.00000000  0.06177931 -0.98864290  0.00000000
-0.00000000 -0.00000000 -0.00000000 -0.00000000 -0.35641636 -0.45655189  0.00000000 -0.98864290 -0.06177931  0.00000000
-0.04818094  0.08880596  0.06126243  0.24900763 -0.00000000 -0.00000000 -0.72261054  0.00000000 -0.00000000  2.04847624
Density: 
 1.45509093 -0.63403293 -0.00000000 -0.00000000  0.08219309  1.45509093 -0.63403293  0.00000000 -0.00000000 -0.08219309
-0.63403293  0.27626985  0.00000000  0.00000000 -0.03581434 -0.63403293  0.27626985 -0.00000000  0.00000000  0.03581434
-0.00000000  0.00000000  0.00000000  0.00000000 -0.00000000 -0.00000000  0.00000000 -0.00000000  0.00000000  0.00000000
-0.00000000  0.00000000  0.00000000  0.00000000 -0.00000000 -0.00000000  0.00000000 -0.00000000  0.00000000  0.00000000
 0.08219309 -0.03581434 -0.00000000 -0.00000000  0.00464281  0.08219309 -0.03581434  0.00000000 -0.00000000 -0.00464281
 1.45509093 -0.63403293 -0.00000000 -0.00000000  0.08219309  1.45509093 -0.63403293  0.00000000 -0.00000000 -0.08219309
-0.63403293  0.27626985  0.00000000  0.00000000 -0.03581434 -0.63403293  0.27626985 -0.00000000  0.00000000  0.03581434
 0.00000000 -0.00000000 -0.00000000 -0.00000000  0.00000000  0.00000000 -0.00000000  0.00000000 -0.00000000 -0.00000000
-0.00000000  0.00000000  0.00000000  0.00000000 -0.00000000 -0.00000000  0.00000000 -0.00000000  0.00000000  0.00000000
-0.08219309  0.03581434  0.00000000  0.00000000 -0.00464281 -0.08219309  0.03581434 -0.00000000  0.00000000  0.00464281
Gmatrix: 
 0.73973231  0.59712926 -0.00000000  0.00000000 -0.04856959  0.46513395  0.48848517 -0.00000000  0.00000000 -0.40048114
 0.59712926  0.64543237 -0.00000000  0.00000000 -0.03935133  0.48848517  0.56684242 -0.00000000  0.00000000 -0.12235456
-0.00000000 -0.00000000  1.24406569  0.00000000 -0.00000000 -0.00000000 -0.00000000  0.62990919  0.00000000 -0.00000000
 0.00000000  0.00000000  0.00000000  1.24406569  0.00000000  0.00000000  0.00000000  0.00000000  0.62990919 -0.00000000
-0.04856959 -0.03935133 -0.00000000  0.00000000  1.19558794  0.40048114  0.12235456 -0.00000000 -0.00000000 -0.31184198
 0.46513395  0.48848517 -0.00000000  0.00000000  0.40048114  0.73973231  0.59712926 -0.00000000  0.00000000  0.04856959
 0.48848517  0.56684242 -0.00000000  0.00000000  0.12235456  0.59712926  0.64543237 -0.00000000  0.00000000  0.03935133
-0.00000000 -0.00000000  0.62990919  0.00000000 -0.00000000 -0.00000000 -0.00000000  1.24406569  0.00000000  0.00000000
 0.00000000  0.00000000  0.00000000  0.62990919 -0.00000000  0.00000000  0.00000000  0.00000000  1.24406569 -0.00000000
-0.40048114 -0.12235456 -0.00000000 -0.00000000 -0.31184198  0.04856959  0.03935133  0.00000000 -0.00000000  1.19558794
-----------------------------------
one electron energy: -1.27974281
orbital energy: -1.27974281
nuclear repulsion energy: 0.71428571
total energy: -1.84519991
Iteration = 1
-----------------------------------
F: 
-0.36983020 -0.34730016 -0.00000000  0.00000000 -0.30130383 -0.50278056 -0.36923372 -0.00000000  0.00000000  0.09906939
-0.34730016 -0.20889201 -0.00000000  0.00000000 -0.23694570 -0.36923372 -0.23481191 -0.00000000  0.00000000  0.20470157
-0.00000000 -0.00000000  1.56170227  0.00000000 -0.00000000 -0.00000000 -0.00000000  0.48723539  0.00000000 -0.00000000
 0.00000000  0.00000000  0.00000000  1.56170227  0.00000000  0.00000000  0.00000000  0.00000000  0.48723539 -0.00000000
-0.30130383 -0.23694570 -0.00000000  0.00000000  1.26379190 -0.09906939 -0.20470157 -0.00000000 -0.00000000 -0.56986611
-0.50278056 -0.36923372 -0.00000000  0.00000000 -0.09906939 -0.36983020 -0.34730016 -0.00000000  0.00000000  0.30130383
-0.36923372 -0.23481191 -0.00000000  0.00000000 -0.20470157 -0.34730016 -0.20889201 -0.00000000  0.00000000  0.23694570
-0.00000000 -0.00000000  0.48723539  0.00000000 -0.00000000 -0.00000000 -0.00000000  1.56170227  0.00000000  0.00000000
 0.00000000  0.00000000  0.00000000  0.48723539 -0.00000000  0.00000000  0.00000000  0.00000000  1.56170227 -0.00000000
 0.09906939  0.20470157 -0.00000000 -0.00000000 -0.56986611  0.30130383  0.23694570  0.00000000 -0.00000000  1.26379190
Energies: 
-0.53093444
 0.22453160
 0.49434383
 0.99848938
 1.37472345
 1.37472345
 2.02744742
 2.10860143
 2.10860143
 3.69564064
Vectors: 
-0.72336565 -0.20007000 -1.17169952  1.24952698 -0.00000000 -0.00000000 -0.75221713 -0.00000000 -0.00000000  4.57235288
 0.21191792 -1.91515714  1.31989468 -2.16896773 -0.00000000 -0.00000000  0.59468518  0.00000000  0.00000000 -2.25535657
 0.00000000 -0.00000000 -0.00000000  0.00000000  0.24349264 -0.52553172  0.00000000 -0.20706268  0.96868804  0.00000000
 0.00000000 -0.00000000  0.00000000 -0.00000000  0.52553172  0.24349264 -0.00000000 -0.96868804 -0.20706268 -0.00000000
-0.02488741 -0.02652368 -0.00777272 -0.43325074  0.00000000  0.00000000  0.72633373 -0.00000000 -0.00000000  2.01934061
-0.72336565  0.20007000 -1.17169952 -1.24952698 -0.00000000 -0.00000000 -0.75221713  0.00000000  0.00000000 -4.57235288
 0.21191792  1.91515714  1.31989468  2.16896773  0.00000000  0.00000000  0.59468518 -0.00000000 -0.00000000  2.25535657
 0.00000000 -0.00000000 -0.00000000  0.00000000  0.24349264 -0.52553172  0.00000000  0.20706268 -0.96868804 -0.00000000
 0.00000000 -0.00000000 -0.00000000  0.00000000  0.52553172  0.24349264  0.00000000  0.96868804  0.20706268  0.00000000
 0.02488741 -0.02652368  0.00777272 -0.43325074 -0.00000000 -0.00000000 -0.72633373  0.00000000  0.00000000  2.01934061
Density: 
 1.04651572 -0.30658829 -0.00000000 -0.00000000  0.03600540  1.04651572 -0.30658829 -0.00000000 -0.00000000 -0.03600540
-0.30658829  0.08981841  0.00000000  0.00000000 -0.01054818 -0.30658829  0.08981841  0.00000000  0.00000000  0.01054818
-0.00000000  0.00000000  0.00000000  0.00000000 -0.00000000 -0.00000000  0.00000000  0.00000000  0.00000000  0.00000000
-0.00000000  0.00000000  0.00000000  0.00000000 -0.00000000 -0.00000000  0.00000000  0.00000000  0.00000000  0.00000000
 0.03600540 -0.01054818 -0.00000000 -0.00000000  0.00123877  0.03600540 -0.01054818 -0.00000000 -0.00000000 -0.00123877
 1.04651572 -0.30658829 -0.00000000 -0.00000000  0.03600540  1.04651572 -0.30658829 -0.00000000 -0.00000000 -0.03600540
-0.30658829  0.08981841  0.00000000  0.00000000 -0.01054818 -0.30658829  0.08981841  0.00000000  0.00000000  0.01054818
-0.00000000  0.00000000  0.00000000  0.00000000 -0.00000000 -0.00000000  0.00000000  0.00000000  0.00000000  0.00000000
-0.00000000  0.00000000  0.00000000  0.00000000 -0.00000000 -0.00000000  0.00000000  0.00000000  0.00000000  0.00000000
-0.03600540  0.01054818  0.00000000  0.00000000 -0.00123877 -0.03600540  0.01054818  0.00000000  0.00000000  0.00123877
Gmatrix: 
 0.68130109  0.53864647  0.00000000  0.00000000 -0.03829780  0.42074801  0.43439029  0.00000000  0.00000000 -0.38862203
 0.53864647  0.58341874  0.00000000  0.00000000 -0.03735219  0.43439029  0.50683713  0.00000000  0.00000000 -0.11679277
 0.00000000  0.00000000  1.18228570 -0.00000000  0.00000000  0.00000000  0.00000000  0.59448720 -0.00000000 -0.00000000
 0.00000000  0.00000000 -0.00000000  1.18228570  0.00000000  0.00000000  0.00000000 -0.00000000  0.59448720 -0.00000000
-0.03829780 -0.03735219  0.00000000  0.00000000  1.15112045  0.38862203  0.11679277 -0.00000000 -0.00000000 -0.30714500
 0.42074801  0.43439029  0.00000000  0.00000000  0.38862203  0.68130109  0.53864647  0.00000000  0.00000000  0.03829780
 0.43439029  0.50683713  0.00000000  0.00000000  0.11679277  0.53864647  0.58341874  0.00000000  0.00000000  0.03735219
 0.00000000  0.00000000  0.59448720 -0.00000000 -0.00000000  0.00000000  0.00000000  1.18228570 -0.00000000 -0.00000000
 0.00000000  0.00000000 -0.00000000  0.59448720 -0.00000000  0.00000000  0.00000000 -0.00000000  1.18228570 -0.00000000
-0.38862203 -0.11679277 -0.00000000 -0.00000000 -0.30714500  0.03829780  0.03735219 -0.00000000 -0.00000000  1.15112045
-----------------------------------
one electron energy: -1.26051491
orbital energy: -0.53093444
nuclear repulsion energy: 0.71428571
total energy: -1.07716364
Iteration = 2
-----------------------------------
F: 
-0.42826142 -0.40578294  0.00000000  0.00000000 -0.29103204 -0.54716650 -0.42332860  0.00000000  0.00000000  0.11092850
-0.40578294 -0.27090564  0.00000000  0.00000000 -0.23494656 -0.42332860 -0.29481720  0.00000000  0.00000000  0.21026336
 0.00000000  0.00000000  1.49992227 -0.00000000  0.00000000  0.00000000  0.00000000  0.45181340 -0.00000000 -0.00000000
 0.00000000  0.00000000 -0.00000000  1.49992227  0.00000000  0.00000000  0.00000000 -0.00000000  0.45181340 -0.00000000
-0.29103204 -0.23494656  0.00000000  0.00000000  1.21932440 -0.11092850 -0.21026336 -0.00000000 -0.00000000 -0.56516913
-0.54716650 -0.42332860  0.00000000  0.00000000 -0.11092850 -0.42826142 -0.40578294  0.00000000  0.00000000  0.29103204
-0.42332860 -0.29481720  0.00000000  0.00000000 -0.21026336 -0.40578294 -0.27090564  0.00000000  0.00000000  0.23494656
 0.00000000  0.00000000  0.45181340 -0.00000000 -0.00000000  0.00000000  0.00000000  1.49992227 -0.00000000 -0.00000000
 0.00000000  0.00000000 -0.00000000  0.45181340 -0.00000000  0.00000000  0.00000000 -0.00000000  1.49992227 -0.00000000
 0.11092850  0.21026336 -0.00000000 -0.00000000 -0.56516913  0.29103204  0.23494656 -0.00000000 -0.00000000  1.21932440
Energies: 
-0.58134648
 0.20321788
 0.48413568
 0.94928862
 1.30950632
 1.30950632
 1.97169957
 2.05687483
 2.05687483
 3.62446025
Vectors: 
-0.69404103 -0.24486624  1.18864808 -1.28747073 -0.00000000 -0.00000000  0.75325362  0.00000000  0.00000000  4.55962896
 0.17834912 -1.84543222 -1.32353176  2.24752618  0.00000000  0.00000000 -0.59760932 -0.00000000 -0.00000000 -2.23648993
-0.00000000 -0.00000000 -0.00000000  0.00000000 -0.57202694  0.09087041  0.00000000  0.01097600 -0.99051048 -0.00000000
-0.00000000  0.00000000  0.00000000 -0.00000000  0.09087041  0.57202694 -0.00000000 -0.99051048 -0.01097600  0.00000000
-0.02250571 -0.01669675  0.01032894  0.41413860  0.00000000 -0.00000000 -0.72637958  0.00000000 -0.00000000  2.02345167
-0.69404103  0.24486624  1.18864808  1.28747073  0.00000000  0.00000000  0.75325362 -0.00000000  0.00000000 -4.55962896
 0.17834912  1.84543222 -1.32353176 -2.24752618 -0.00000000  0.00000000 -0.59760932  0.00000000 -0.00000000  2.23648993
-0.00000000 -0.00000000  0.00000000  0.00000000 -0.57202694  0.09087041 -0.00000000 -0.01097600  0.99051048  0.00000000
 0.00000000  0.00000000  0.00000000 -0.00000000  0.09087041  0.57202694  0.00000000  0.99051048  0.01097600 -0.00000000
 0.02250571 -0.01669675 -0.01032894  0.41413860 -0.00000000  0.00000000  0.72637958 -0.00000000  0.00000000  2.02345167
Density: 
 0.96338589 -0.24756321  0.00000000  0.00000000  0.03123977  0.96338589 -0.24756321  0.00000000 -0.00000000 -0.03123977
-0.24756321  0.06361682 -0.00000000 -0.00000000 -0.00802775 -0.24756321  0.06361682 -0.00000000  0.00000000  0.00802775
 0.00000000 -0.00000000  0.00000000  0.00000000  0.00000000  0.00000000 -0.00000000  0.00000000 -0.00000000 -0.00000000
 0.00000000 -0.00000000  0.00000000  0.00000000  0.00000000  0.00000000 -0.00000000  0.00000000 -0.00000000 -0.00000000
 0.03123977 -0.00802775  0.00000000  0.00000000  0.00101301  0.03123977 -0.00802775  0.00000000 -0.00000000 -0.00101301
 0.96338589 -0.24756321  0.00000000  0.00000000  0.03123977  0.96338589 -0.24756321  0.00000000 -0.00000000 -0.03123977
-0.24756321  0.06361682 -0.00000000 -0.00000000 -0.00802775 -0.24756321  0.06361682 -0.00000000  0.00000000  0.00802775
 0.00000000 -0.00000000  0.00000000  0.00000000  0.00000000  0.00000000 -0.00000000  0.00000000 -0.00000000 -0.00000000
-0.00000000  0.00000000 -0.00000000 -0.00000000 -0.00000000 -0.00000000  0.00000000 -0.00000000  0.00000000  0.00000000
-0.03123977  0.00802775 -0.00000000 -0.00000000 -0.00101301 -0.03123977  0.00802775 -0.00000000  0.00000000  0.00101301
Gmatrix: 
 0.67082245  0.52801097 -0.00000000 -0.00000000 -0.03656398  0.41315723  0.42466967 -0.00000000 -0.00000000 -0.38578389
 0.52801097  0.57166894 -0.00000000 -0.00000000 -0.03688818  0.42466967  0.49553681 -0.00000000 -0.00000000 -0.11568600
-0.00000000 -0.00000000  1.16921994 -0.00000000 -0.00000000 -0.00000000 -0.00000000  0.58720082 -0.00000000  0.00000000
-0.00000000 -0.00000000 -0.00000000  1.16921994 -0.00000000 -0.00000000 -0.00000000 -0.00000000  0.58720082  0.00000000
-0.03656398 -0.03688818 -0.00000000 -0.00000000  1.14050215  0.38578389  0.11568600  0.00000000  0.00000000 -0.30491002
 0.41315723  0.42466967 -0.00000000 -0.00000000  0.38578389  0.67082245  0.52801097 -0.00000000 -0.00000000  0.03656398
 0.42466967  0.49553681 -0.00000000 -0.00000000  0.11568600  0.52801097  0.57166894 -0.00000000 -0.00000000  0.03688818
-0.00000000 -0.00000000  0.58720082 -0.00000000  0.00000000 -0.00000000 -0.00000000  1.16921994 -0.00000000  0.00000000
-0.00000000 -0.00000000 -0.00000000  0.58720082  0.00000000 -0.00000000 -0.00000000 -0.00000000  1.16921994  0.00000000
-0.38578389 -0.11568600  0.00000000  0.00000000 -0.30491002  0.03656398  0.03688818  0.00000000  0.00000000  1.14050215
-----------------------------------
one electron energy: -1.25271732
orbital energy: -0.58134648
nuclear repulsion energy: 0.71428571
total energy: -1.11977808
Iteration = 3
-----------------------------------
F: 
-0.43874006 -0.41641845 -0.00000000 -0.00000000 -0.28929822 -0.55475728 -0.43304922 -0.00000000 -0.00000000  0.11376664
-0.41641845 -0.28265544 -0.00000000 -0.00000000 -0.23448255 -0.43304922 -0.30611751 -0.00000000 -0.00000000  0.21137014
-0.00000000 -0.00000000  1.48685652 -0.00000000 -0.00000000 -0.00000000 -0.00000000  0.44452703 -0.00000000  0.00000000
-0.00000000 -0.00000000 -0.00000000  1.48685652 -0.00000000 -0.00000000 -0.00000000 -0.00000000  0.44452703  0.00000000
-0.28929822 -0.23448255 -0.00000000 -0.00000000  1.20870610 -0.11376664 -0.21137014  0.00000000  0.00000000 -0.56293415
-0.55475728 -0.43304922 -0.00000000 -0.00000000 -0.11376664 -0.43874006 -0.41641845 -0.00000000 -0.00000000  0.28929822
-0.43304922 -0.30611751 -0.00000000 -0.00000000 -0.21137014 -0.41641845 -0.28265544 -0.00000000 -0.00000000  0.23448255
-0.00000000 -0.00000000  0.44452703 -0.00000000  0.00000000 -0.00000000 -0.00000000  1.48685652 -0.00000000  0.00000000
-0.00000000 -0.00000000 -0.00000000  0.44452703  0.00000000 -0.00000000 -0.00000000 -0.00000000  1.48685652  0.00000000
 0.11376664  0.21137014  0.00000000  0.00000000 -0.56293415  0.28929822  0.23448255  0.00000000  0.00000000  1.20870610
Energies: 
-0.59023970
 0.19839164
 0.48042108
 0.93900308
 1.29585117
 1.29585117
 1.95912294
 2.04553300
 2.04553300
 3.60885821
Vectors: 
-0.68818941 -0.25399292  1.19127846 -1.29476569 -0.00000000 -0.00000000  0.75446617 -0.00000000 -0.00000000  4.55706331
 0.17183018 -1.83095136 -1.32377335  2.26319395  0.00000000  0.00000000 -0.59898258 -0.00000000  0.00000000 -2.23258851
-0.00000000  0.00000000 -0.00000000  0.00000000 -0.40115616  0.41778701  0.00000000  0.78013240  0.61043011 -0.00000000
 0.00000000 -0.00000000 -0.00000000  0.00000000 -0.41778701 -0.40115616 -0.00000000  0.61043011 -0.78013240 -0.00000000
-0.02242255 -0.01467074  0.01119756  0.41031341  0.00000000 -0.00000000 -0.72636928  0.00000000  0.00000000  2.02424650
-0.68818941  0.25399292  1.19127846  1.29476569  0.00000000  0.00000000  0.75446617 -0.00000000 -0.00000000 -4.55706331
 0.17183018  1.83095136 -1.32377335 -2.26319395 -0.00000000 -0.00000000 -0.59898258  0.00000000  0.00000000  2.23258851
-0.00000000 -0.00000000 -0.00000000  0.00000000 -0.40115616  0.41778701 -0.00000000 -0.78013240 -0.61043011  0.00000000
 0.00000000 -0.00000000 -0.00000000  0.00000000 -0.41778701 -0.40115616  0.00000000 -0.61043011  0.78013240  0.00000000
 0.02242255 -0.01467074 -0.01119756  0.41031341  0.00000000  0.00000000  0.72636928 -0.00000000 -0.00000000  2.02424650
Density: 
 0.94720934 -0.23650343  0.00000000 -0.00000000  0.03086192  0.94720934 -0.23650343  0.00000000 -0.00000000 -0.03086192
-0.23650343  0.05905122 -0.00000000  0.00000000 -0.00770574 -0.23650343  0.05905122 -0.00000000  0.00000000  0.00770574
 0.00000000 -0.00000000  0.00000000 -0.00000000  0.00000000  0.00000000 -0.00000000  0.00000000 -0.00000000 -0.00000000
-0.00000000  0.00000000 -0.00000000  0.00000000 -0.00000000 -0.00000000  0.00000000 -0.00000000  0.00000000  0.00000000
 0.03086192 -0.00770574  0.00000000 -0.00000000  0.00100554  0.03086192 -0.00770574  0.00000000 -0.00000000 -0.00100554
 0.94720934 -0.23650343  0.00000000 -0.00000000  0.03086192  0.94720934 -0.23650343  0.00000000 -0.00000000 -0.03086192
-0.23650343  0.05905122 -0.00000000  0.00000000 -0.00770574 -0.23650343  0.05905122 -0.00000000  0.00000000  0.00770574
 0.00000000 -0.00000000  0.00000000 -0.00000000  0.00000000  0.00000000 -0.00000000  0.00000000 -0.00000000 -0.00000000
-0.00000000  0.00000000 -0.00000000  0.00000000 -0.00000000 -0.00000000  0.00000000 -0.00000000  0.00000000  0.00000000
-0.03086192  0.00770574 -0.00000000  0.00000000 -0.00100554 -0.03086192  0.00770574 -0.00000000  0.00000000  0.00100554
Gmatrix: 
 0.66896664  0.52610695 -0.00000000  0.00000000 -0.03634620  0.41182382  0.42293307 -0.00000000  0.00000000 -0.38517256
 0.52610695  0.56953797 -0.00000000  0.00000000 -0.03687691  0.42293307  0.49349093 -0.00000000  0.00000000 -0.11541040
-0.00000000 -0.00000000  1.16682669  0.00000000 -0.00000000 -0.00000000 -0.00000000  0.58588376  0.00000000  0.00000000
 0.00000000  0.00000000  0.00000000  1.16682669  0.00000000  0.00000000  0.00000000  0.00000000  0.58588376 -0.00000000
-0.03634620 -0.03687691 -0.00000000  0.00000000  1.13843941  0.38517256  0.11541040  0.00000000 -0.00000000 -0.30438488
 0.41182382  0.42293307 -0.00000000  0.00000000  0.38517256  0.66896664  0.52610695 -0.00000000  0.00000000  0.03634620
 0.42293307  0.49349093 -0.00000000  0.00000000  0.11541040  0.52610695  0.56953797 -0.00000000  0.00000000  0.03687691
-0.00000000 -0.00000000  0.58588376  0.00000000  0.00000000 -0.00000000 -0.00000000  1.16682669  0.00000000  0.00000000
 0.00000000  0.00000000  0.00000000  0.58588376 -0.00000000  0.00000000  0.00000000  0.00000000  1.16682669 -0.00000000
-0.38517256 -0.11541040  0.00000000 -0.00000000 -0.30438488  0.03634620  0.03687691  0.00000000 -0.00000000  1.13843941
-----------------------------------
one electron energy: -1.25118492
orbital energy: -0.59023970
nuclear repulsion energy: 0.71428571
total energy: -1.12713891
Iteration = 4
-----------------------------------
F: 
-0.44059587 -0.41832247 -0.00000000  0.00000000 -0.28908044 -0.55609069 -0.43478582 -0.00000000  0.00000000  0.11437797
-0.41832247 -0.28478641 -0.00000000  0.00000000 -0.23447129 -0.43478582 -0.30816340 -0.00000000  0.00000000  0.21164574
-0.00000000 -0.00000000  1.48446326  0.00000000 -0.00000000 -0.00000000 -0.00000000  0.44320996  0.00000000  0.00000000
 0.00000000  0.00000000  0.00000000  1.48446326  0.00000000  0.00000000  0.00000000  0.00000000  0.44320996 -0.00000000
-0.28908044 -0.23447129 -0.00000000  0.00000000  1.20664337 -0.11437797 -0.21164574  0.00000000 -0.00000000 -0.56240901
-0.55609069 -0.43478582 -0.00000000  0.00000000 -0.11437797 -0.44059587 -0.41832247 -0.00000000  0.00000000  0.28908044
-0.43478582 -0.30816340 -0.00000000  0.00000000 -0.21164574 -0.41832247 -0.28478641 -0.00000000  0.00000000  0.23447129
-0.00000000 -0.00000000  0.44320996  0.00000000  0.00000000 -0.00000000 -0.00000000  1.48446326  0.00000000  0.00000000
 0.00000000  0.00000000  0.00000000  0.44320996 -0.00000000  0.00000000  0.00000000  0.00000000  1.48446326 -0.00000000
 0.11437797  0.21164574  0.00000000 -0.00000000 -0.56240901  0.28908044  0.23447129  0.00000000 -0.00000000  1.20664337
Energies: 
-0.59180889
 0.19748392
 0.47968993
 0.93712872
 1.29336175
 1.29336175
 1.95674798
 2.04342102
 2.04342102
 3.60593275
Vectors: 
-0.68704363 -0.25560088  1.19174408  1.29603344  0.00000000 -0.00000000 -0.75477501  0.00000000  0.00000000  4.55661301
 0.17057404 -1.82837286 -1.32379938 -2.26596228 -0.00000000 -0.00000000  0.59928400 -0.00000000  0.00000000 -2.23189354
 0.00000000 -0.00000000 -0.00000000 -0.00000000  0.57896271  0.01656595  0.00000000  0.28140123 -0.94976040  0.00000000
 0.00000000  0.00000000 -0.00000000  0.00000000  0.01656595 -0.57896271  0.00000000 -0.94976040 -0.28140123  0.00000000
-0.02246330 -0.01430239  0.01137692 -0.40964179 -0.00000000  0.00000000  0.72636523 -0.00000000  0.00000000  2.02438516
-0.68704363  0.25560088  1.19174408 -1.29603344  0.00000000 -0.00000000 -0.75477501  0.00000000 -0.00000000 -4.55661301
 0.17057404  1.82837286 -1.32379938  2.26596228 -0.00000000  0.00000000  0.59928400 -0.00000000  0.00000000  2.23189354
 0.00000000  0.00000000 -0.00000000 -0.00000000  0.57896271  0.01656595 -0.00000000 -0.28140123  0.94976040 -0.00000000
-0.00000000  0.00000000 -0.00000000 -0.00000000  0.01656595 -0.57896271 -0.00000000  0.94976040  0.28140123 -0.00000000
 0.02246330 -0.01430239 -0.01137692 -0.40964179 -0.00000000 -0.00000000 -0.72636523 -0.00000000 -0.00000000  2.02438516
Density: 
 0.94405791 -0.23438361 -0.00000000 -0.00000000  0.03086653  0.94405791 -0.23438361 -0.00000000  0.00000000 -0.03086653
-0.23438361  0.05819101  0.00000000  0.00000000 -0.00766331 -0.23438361  0.05819101  0.00000000 -0.00000000  0.00766331
-0.00000000  0.00000000  0.00000000  0.00000000 -0.00000000 -0.00000000  0.00000000  0.00000000 -0.00000000  0.00000000
-0.00000000  0.00000000  0.00000000  0.00000000 -0.00000000 -0.00000000  0.00000000  0.00000000 -0.00000000  0.00000000
 0.03086653 -0.00766331 -0.00000000 -0.00000000  0.00100920  0.03086653 -0.00766331 -0.00000000  0.00000000 -0.00100920
 0.94405791 -0.23438361 -0.00000000 -0.00000000  0.03086653  0.94405791 -0.23438361 -0.00000000  0.00000000 -0.03086653
-0.23438361  0.05819101  0.00000000  0.00000000 -0.00766331 -0.23438361  0.05819101  0.00000000 -0.00000000  0.00766331
-0.00000000  0.00000000  0.00000000  0.00000000 -0.00000000 -0.00000000  0.00000000  0.00000000 -0.00000000  0.00000000
 0.00000000 -0.00000000 -0.00000000 -0.00000000  0.00000000  0.00000000 -0.00000000 -0.00000000  0.00000000 -0.00000000
-0.03086653  0.00766331  0.00000000  0.00000000 -0.00100920 -0.03086653  0.00766331  0.00000000 -0.00000000  0.00100920
Gmatrix: 
 0.66863255  0.52576087  0.00000000  0.00000000 -0.03632358  0.41158376  0.42261745  0.00000000  0.00000000 -0.38504566
 0.52576087  0.56914798  0.00000000  0.00000000 -0.03688904  0.42261745  0.49311681  0.00000000  0.00000000 -0.11534616
 0.00000000  0.00000000  1.16639200 -0.00000000  0.00000000  0.00000000  0.00000000  0.58564692 -0.00000000 -0.00000000
 0.00000000  0.00000000 -0.00000000  1.16639200  0.00000000  0.00000000  0.00000000 -0.00000000  0.58564692 -0.00000000
-0.03632358 -0.03688904  0.00000000  0.00000000  1.13804755  0.38504566  0.11534616 -0.00000000 -0.00000000 -0.30427280
 0.41158376  0.42261745  0.00000000  0.00000000  0.38504566  0.66863255  0.52576087  0.00000000 -0.00000000  0.03632358
 0.42261745  0.49311681  0.00000000  0.00000000  0.11534616  0.52576087  0.56914798  0.00000000 -0.00000000  0.03688904
 0.00000000  0.00000000  0.58564692 -0.00000000 -0.00000000  0.00000000  0.00000000  1.16639200 -0.00000000 -0.00000000
 0.00000000  0.00000000 -0.00000000  0.58564692 -0.00000000 -0.00000000 -0.00000000 -0.00000000  1.16639200 -0.00000000
-0.38504566 -0.11534616 -0.00000000 -0.00000000 -0.30427280  0.03632358  0.03688904 -0.00000000 -0.00000000  1.13804755
-----------------------------------
one electron energy: -1.25090410
orbital energy: -0.59180889
nuclear repulsion energy: 0.71428571
total energy: -1.12842728
Iteration = 5
-----------------------------------
F: 
-0.44092995 -0.41866854  0.00000000  0.00000000 -0.28905782 -0.55633075 -0.43510144  0.00000000  0.00000000  0.11450487
-0.41866854 -0.28517640  0.00000000  0.00000000 -0.23448341 -0.43510144 -0.30853751  0.00000000  0.00000000  0.21170998
 0.00000000  0.00000000  1.48402857 -0.00000000  0.00000000  0.00000000  0.00000000  0.44297312 -0.00000000 -0.00000000
 0.00000000  0.00000000 -0.00000000  1.48402857  0.00000000  0.00000000  0.00000000 -0.00000000  0.44297312 -0.00000000
-0.28905782 -0.23448341  0.00000000  0.00000000  1.20625151 -0.11450487 -0.21170998 -0.00000000 -0.00000000 -0.56229693
-0.55633075 -0.43510144  0.00000000  0.00000000 -0.11450487 -0.44092995 -0.41866854  0.00000000 -0.00000000  0.28905782
-0.43510144 -0.30853751  0.00000000  0.00000000 -0.21170998 -0.41866854 -0.28517640  0.00000000 -0.00000000  0.23448341
 0.00000000  0.00000000  0.44297312 -0.00000000 -0.00000000  0.00000000  0.00000000  1.48402857 -0.00000000 -0.00000000
 0.00000000  0.00000000 -0.00000000  0.44297312 -0.00000000 -0.00000000 -0.00000000 -0.00000000  1.48402857 -0.00000000
 0.11450487  0.21170998 -0.00000000 -0.00000000 -0.56229693  0.28905782  0.23448341 -0.00000000 -0.00000000  1.20625151
Energies: 
-0.59209101
 0.19731609
 0.47955548
 0.93678969
 1.29291118
 1.29291118
 1.95630614
 2.04303274
 2.04303274
 3.60539086
Vectors: 
-0.68681930 -0.25588192  1.19183006 -1.29625416 -0.00000000 -0.00000000  0.75484341 -0.00000000 -0.00000000  4.55653445
 0.17033084 -1.82791803 -1.32380301  2.26645018  0.00000000  0.00000000 -0.59934516 -0.00000000  0.00000000 -2.23177069
 0.00000000 -0.00000000 -0.00000000 -0.00000000  0.56585307  0.12362263 -0.00000000  0.83795951  0.52825688  0.00000000
 0.00000000 -0.00000000 -0.00000000  0.00000000 -0.12362263  0.56585307  0.00000000 -0.52825688  0.83795951  0.00000000
-0.02247949 -0.01423565  0.01141202  0.40952441 -0.00000000 -0.00000000 -0.72636418 -0.00000000  0.00000000  2.02440938
-0.68681930  0.25588192  1.19183006  1.29625416  0.00000000  0.00000000  0.75484341  0.00000000  0.00000000 -4.55653445
 0.17033084  1.82791803 -1.32380301 -2.26645018 -0.00000000 -0.00000000 -0.59934516 -0.00000000 -0.00000000  2.23177069
 0.00000000 -0.00000000 -0.00000000 -0.00000000  0.56585307  0.12362263  0.00000000 -0.83795951 -0.52825688 -0.00000000
 0.00000000 -0.00000000  0.00000000  0.00000000 -0.12362263  0.56585307 -0.00000000  0.52825688 -0.83795951 -0.00000000
 0.02247949 -0.01423565 -0.01141202  0.40952441 -0.00000000  0.00000000  0.72636418  0.00000000 -0.00000000  2.02440938
Density: 
 0.94344152 -0.23397302 -0.00000000 -0.00000000  0.03087870  0.94344152 -0.23397302 -0.00000000 -0.00000000 -0.03087870
-0.23397302  0.05802519  0.00000000  0.00000000 -0.00765790 -0.23397302  0.05802519  0.00000000  0.00000000  0.00765790
-0.00000000  0.00000000  0.00000000  0.00000000 -0.00000000 -0.00000000  0.00000000  0.00000000  0.00000000  0.00000000
-0.00000000  0.00000000  0.00000000  0.00000000 -0.00000000 -0.00000000  0.00000000  0.00000000  0.00000000  0.00000000
 0.03087870 -0.00765790 -0.00000000 -0.00000000  0.00101066  0.03087870 -0.00765790 -0.00000000 -0.00000000 -0.00101066
 0.94344152 -0.23397302 -0.00000000 -0.00000000  0.03087870  0.94344152 -0.23397302 -0.00000000 -0.00000000 -0.03087870
-0.23397302  0.05802519  0.00000000  0.00000000 -0.00765790 -0.23397302  0.05802519  0.00000000  0.00000000  0.00765790
-0.00000000  0.00000000  0.00000000  0.00000000 -0.00000000 -0.00000000  0.00000000  0.00000000  0.00000000  0.00000000
-0.00000000  0.00000000  0.00000000  0.00000000 -0.00000000 -0.00000000  0.00000000  0.00000000  0.00000000  0.00000000
-0.03087870  0.00765790  0.00000000  0.00000000 -0.00101066 -0.03087870  0.00765790  0.00000000  0.00000000  0.00101066
Gmatrix: 
 0.66857121  0.52569681  0.00000000  0.00000000 -0.03632207  0.41153963  0.42255901  0.00000000  0.00000000 -0.38501977
 0.52569681  0.56907544  0.00000000  0.00000000 -0.03689355  0.42255901  0.49304726  0.00000000  0.00000000 -0.11533204
 0.00000000  0.00000000  1.16631187 -0.00000000  0.00000000  0.00000000  0.00000000  0.58560362 -0.00000000 -0.00000000
 0.00000000  0.00000000 -0.00000000  1.16631187  0.00000000  0.00000000  0.00000000 -0.00000000  0.58560362 -0.00000000
-0.03632207 -0.03689355  0.00000000  0.00000000  1.13797268  0.38501977  0.11533204 -0.00000000 -0.00000000 -0.30424959
 0.41153963  0.42255901  0.00000000  0.00000000  0.38501977  0.66857121  0.52569681  0.00000000  0.00000000  0.03632207
 0.42255901  0.49304726  0.00000000  0.00000000  0.11533204  0.52569681  0.56907544  0.00000000  0.00000000  0.03689355
 0.00000000  0.00000000  0.58560362 -0.00000000 -0.00000000  0.00000000  0.00000000  1.16631187 -0.00000000 -0.00000000
 0.00000000  0.00000000 -0.00000000  0.58560362 -0.00000000  0.00000000  0.00000000 -0.00000000  1.16631187 -0.00000000
-0.38501977 -0.11533204 -0.00000000 -0.00000000 -0.30424959  0.03632207  0.03689355 -0.00000000 -0.00000000  1.13797268
-----------------------------------
one electron energy: -1.25085239
orbital energy: -0.59209101
nuclear repulsion energy: 0.71428571
total energy: -1.12865769
Iteration = 6
-----------------------------------
F: 
-0.44099129 -0.41873261  0.00000000  0.00000000 -0.28905632 -0.55637489 -0.43515988  0.00000000  0.00000000  0.11453076
-0.41873261 -0.28524894  0.00000000  0.00000000 -0.23448792 -0.43515988 -0.30860707  0.00000000  0.00000000  0.21172410
 0.00000000  0.00000000  1.48394844 -0.00000000  0.00000000  0.00000000  0.00000000  0.44292982 -0.00000000 -0.00000000
 0.00000000  0.00000000 -0.00000000  1.48394844  0.00000000  0.00000000  0.00000000 -0.00000000  0.44292982 -0.00000000
-0.28905632 -0.23448792  0.00000000  0.00000000  1.20617664 -0.11453076 -0.21172410 -0.00000000 -0.00000000 -0.56227372
-0.55637489 -0.43515988  0.00000000  0.00000000 -0.11453076 -0.44099129 -0.41873261  0.00000000  0.00000000  0.28905632
-0.43515988 -0.30860707  0.00000000  0.00000000 -0.21172410 -0.41873261 -0.28524894  0.00000000  0.00000000  0.23448792
 0.00000000  0.00000000  0.44292982 -0.00000000 -0.00000000  0.00000000  0.00000000  1.48394844 -0.00000000 -0.00000000
 0.00000000  0.00000000 -0.00000000  0.44292982 -0.00000000  0.00000000  0.00000000 -0.00000000  1.48394844 -0.00000000
 0.11453076  0.21172410 -0.00000000 -0.00000000 -0.56227372  0.28905632  0.23448792 -0.00000000 -0.00000000  1.20617664
Energies: 
-0.59214277
 0.19728471
 0.47953065
 0.93672742
 1.29282838
 1.29282838
 1.95622309
 2.04296048
 2.04296048
 3.60528935
Vectors: 
-0.68677528 -0.25593198  1.19184626 -1.29629340 -0.00000000  0.00000000  0.75485790  0.00000000 -0.00000000  4.55652047
 0.17028349 -1.82783634 -1.32380356  2.26653784  0.00000000 -0.00000000 -0.59935740 -0.00000000  0.00000000 -2.23174858
 0.00000000 -0.00000000  0.00000000 -0.00000000  0.55949094  0.14980700 -0.00000000  0.95648569 -0.25761714  0.00000000
 0.00000000 -0.00000000 -0.00000000  0.00000000 -0.14980700  0.55949094  0.00000000 -0.25761714 -0.95648569 -0.00000000
-0.02248384 -0.01422337  0.01141886  0.40950349  0.00000000 -0.00000000 -0.72636394 -0.00000000  0.00000000  2.02441369
-0.68677528  0.25593198  1.19184626  1.29629340  0.00000000  0.00000000  0.75485790  0.00000000 -0.00000000 -4.55652047
 0.17028349  1.82783634 -1.32380356 -2.26653784 -0.00000000  0.00000000 -0.59935740 -0.00000000  0.00000000  2.23174858
 0.00000000 -0.00000000  0.00000000 -0.00000000  0.55949094  0.14980700  0.00000000 -0.95648569  0.25761714 -0.00000000
 0.00000000 -0.00000000 -0.00000000  0.00000000 -0.14980700  0.55949094 -0.00000000  0.25761714  0.95648569  0.00000000
 0.02248384 -0.01422337 -0.01141886  0.40950349  0.00000000 -0.00000000  0.72636394  0.00000000  0.00000000  2.02441369
Density: 
 0.94332057 -0.23389299 -0.00000000 -0.00000000  0.03088269  0.94332057 -0.23389299 -0.00000000 -0.00000000 -0.03088269
-0.23389299  0.05799294  0.00000000  0.00000000 -0.00765725 -0.23389299  0.05799294  0.00000000  0.00000000  0.00765725
-0.00000000  0.00000000  0.00000000  0.00000000 -0.00000000 -0.00000000  0.00000000  0.00000000  0.00000000  0.00000000
-0.00000000  0.00000000  0.00000000  0.00000000 -0.00000000 -0.00000000  0.00000000  0.00000000  0.00000000  0.00000000
 0.03088269 -0.00765725 -0.00000000 -0.00000000  0.00101105  0.03088269 -0.00765725 -0.00000000 -0.00000000 -0.00101105
 0.94332057 -0.23389299 -0.00000000 -0.00000000  0.03088269  0.94332057 -0.23389299 -0.00000000 -0.00000000 -0.03088269
-0.23389299  0.05799294  0.00000000  0.00000000 -0.00765725 -0.23389299  0.05799294  0.00000000  0.00000000  0.00765725
-0.00000000  0.00000000  0.00000000  0.00000000 -0.00000000 -0.00000000  0.00000000  0.00000000  0.00000000  0.00000000
-0.00000000  0.00000000  0.00000000  0.00000000 -0.00000000 -0.00000000  0.00000000  0.00000000  0.00000000  0.00000000
-0.03088269  0.00765725  0.00000000  0.00000000 -0.00101105 -0.03088269  0.00765725  0.00000000  0.00000000  0.00101105
Gmatrix: 
 0.66855975  0.52568476  0.00000000  0.00000000 -0.03632219  0.41153137  0.42254801  0.00000000  0.00000000 -0.38501454
 0.52568476  0.56906174  0.00000000  0.00000000 -0.03689474  0.42254801  0.49303413  0.00000000  0.00000000 -0.11532904
 0.00000000  0.00000000  1.16629686 -0.00000000  0.00000000  0.00000000  0.00000000  0.58559556 -0.00000000 -0.00000000
 0.00000000  0.00000000 -0.00000000  1.16629686  0.00000000  0.00000000  0.00000000 -0.00000000  0.58559556 -0.00000000
-0.03632219 -0.03689474  0.00000000  0.00000000  1.13795826  0.38501454  0.11532904 -0.00000000 -0.00000000 -0.30424486
 0.41153137  0.42254801  0.00000000  0.00000000  0.38501454  0.66855975  0.52568476  0.00000000  0.00000000  0.03632219
 0.42254801  0.49303413  0.00000000  0.00000000  0.11532904  0.52568476  0.56906174  0.00000000  0.00000000  0.03689474
 0.00000000  0.00000000  0.58559556 -0.00000000 -0.00000000  0.00000000  0.00000000  1.16629686 -0.00000000 -0.00000000
 0.00000000  0.00000000 -0.00000000  0.58559556 -0.00000000  0.00000000  0.00000000 -0.00000000  1.16629686 -0.00000000
-0.38501454 -0.11532904 -0.00000000 -0.00000000 -0.30424486  0.03632219  0.03689474 -0.00000000 -0.00000000  1.13795826
-----------------------------------
one electron energy: -1.25084273
orbital energy: -0.59214277
nuclear repulsion energy: 0.71428571
total energy: -1.12869978
Iteration = 7
-----------------------------------
F: 
-0.44100276 -0.41874466  0.00000000  0.00000000 -0.28905644 -0.55638315 -0.43517088  0.00000000  0.00000000  0.11453600
-0.41874466 -0.28526264  0.00000000  0.00000000 -0.23448911 -0.43517088 -0.30862020  0.00000000  0.00000000  0.21172709
 0.00000000  0.00000000  1.48393343 -0.00000000  0.00000000  0.00000000  0.00000000  0.44292176 -0.00000000 -0.00000000
 0.00000000  0.00000000 -0.00000000  1.48393343  0.00000000  0.00000000  0.00000000 -0.00000000  0.44292176 -0.00000000
-0.28905644 -0.23448911  0.00000000  0.00000000  1.20616221 -0.11453600 -0.21172709 -0.00000000 -0.00000000 -0.56226899
-0.55638315 -0.43517088  0.00000000  0.00000000 -0.11453600 -0.44100276 -0.41874466  0.00000000  0.00000000  0.28905644
-0.43517088 -0.30862020  0.00000000  0.00000000 -0.21172709 -0.41874466 -0.28526264  0.00000000  0.00000000  0.23448911
 0.00000000  0.00000000  0.44292176 -0.00000000 -0.00000000  0.00000000  0.00000000  1.48393343 -0.00000000 -0.00000000
 0.00000000  0.00000000 -0.00000000  0.44292176 -0.00000000  0.00000000  0.00000000 -0.00000000  1.48393343 -0.00000000
 0.11453600  0.21172709 -0.00000000 -0.00000000 -0.56226899  0.28905644  0.23448911 -0.00000000 -0.00000000  1.20616221
Energies: 
-0.59215243
 0.19727877
 0.47952600
 0.93671579
 1.29281290
 1.29281290
 1.95620729
 2.04294683
 2.04294683
 3.60527008
Vectors: 
-0.68676662 -0.25594110  1.19184935 -1.29630053 -0.00000000  0.00000000  0.75486090 -0.00000000  0.00000000  4.55651793
 0.17027423 -1.82782136 -1.32380365  2.26655391  0.00000000 -0.00000000 -0.59935984  0.00000000 -0.00000000 -2.23174452
 0.00000000 -0.00000000  0.00000000 -0.00000000  0.36744565  0.44772307 -0.00000000 -0.27612043  0.95130909  0.00000000
 0.00000000 -0.00000000 -0.00000000  0.00000000 -0.44772307  0.36744565  0.00000000 -0.95130909 -0.27612043 -0.00000000
-0.02248486 -0.01422107  0.01142020  0.40949969  0.00000000 -0.00000000 -0.72636388  0.00000000 -0.00000000  2.02441448
-0.68676662  0.25594110  1.19184935  1.29630053  0.00000000 -0.00000000  0.75486090 -0.00000000  0.00000000 -4.55651793
 0.17027423  1.82782136 -1.32380365 -2.26655391 -0.00000000  0.00000000 -0.59935984 -0.00000000 -0.00000000  2.23174452
 0.00000000 -0.00000000  0.00000000 -0.00000000  0.36744565  0.44772307  0.00000000  0.27612043 -0.95130909 -0.00000000
 0.00000000 -0.00000000 -0.00000000  0.00000000 -0.44772307  0.36744565 -0.00000000  0.95130909  0.27612043  0.00000000
 0.02248486 -0.01422107 -0.01142020  0.40949969  0.00000000 -0.00000000  0.72636388 -0.00000000  0.00000000  2.02441448
Density: 
 0.94329678 -0.23387732 -0.00000000 -0.00000000  0.03088371  0.94329678 -0.23387732 -0.00000000 -0.00000000 -0.03088371
-0.23387732  0.05798663  0.00000000  0.00000000 -0.00765719 -0.23387732  0.05798663  0.00000000  0.00000000  0.00765719
-0.00000000  0.00000000  0.00000000  0.00000000 -0.00000000 -0.00000000  0.00000000  0.00000000  0.00000000  0.00000000
-0.00000000  0.00000000  0.00000000  0.00000000 -0.00000000 -0.00000000  0.00000000  0.00000000  0.00000000  0.00000000
 0.03088371 -0.00765719 -0.00000000 -0.00000000  0.00101114  0.03088371 -0.00765719 -0.00000000 -0.00000000 -0.00101114
 0.94329678 -0.23387732 -0.00000000 -0.00000000  0.03088371  0.94329678 -0.23387732 -0.00000000 -0.00000000 -0.03088371
-0.23387732  0.05798663  0.00000000  0.00000000 -0.00765719 -0.23387732  0.05798663  0.00000000  0.00000000  0.00765719
-0.00000000  0.00000000  0.00000000  0.00000000 -0.00000000 -0.00000000  0.00000000  0.00000000  0.00000000  0.00000000
