S matrix: 
 0.999999295019  0.000001138186  0.191896133352  0.000000000000  0.000000000000  0.000000000000  0.000000000000  0.000000000000  0.000000000000  0.068904449632  0.000000000000  0.068904449632  0.000000000000  0.000000000000  0.068904449632  0.049812657511  0.060030422938 -0.050163055065 -0.039191673904  0.000000000000  0.049812657511  0.060030422938  0.050163055065 -0.039191673904  0.000000000000
 0.000001138186  0.999999807752  0.933323630575  0.000000000000  0.000000000000  0.000000000000  0.000000000000  0.000000000000  0.000000000000  0.700993308923  0.000000000000  0.700993308923  0.000000000000  0.000000000000  0.700993308923  0.440120887032  0.486836952126 -0.286946855520 -0.224187453790  0.000000000000  0.440120887032  0.486836952126  0.286946855520 -0.224187453790  0.000000000000
 0.191896133352  0.933323630575  1.000000000000  0.000000000000  0.000000000000  0.000000000000  0.000000000000  0.000000000000  0.000000000000  0.664283768005  0.000000000000  0.664283768005  0.000000000000  0.000000000000  0.664283768005  0.536095581541  0.591588237845 -0.283496852318 -0.221492015876  0.000000000000  0.536095581541  0.591588237845  0.283496852318 -0.221492015876  0.000000000000
 0.000000000000  0.000000000000  0.000000000000  1.000000352382  0.000000000000  0.000000000000  0.804563921073  0.000000000000  0.000000000000  0.000000000000  0.000000000000  0.000000000000  0.000000000000  0.000000000000  0.000000000000  0.300046997286  0.208263469405 -0.127586295426 -0.279742887381  0.000000000000 -0.300046997286 -0.208263469405 -0.127586295426  0.279742887381  0.000000000000
 0.000000000000  0.000000000000  0.000000000000  0.000000000000  1.000000352382  0.000000000000  0.000000000000  0.804563921073  0.000000000000  0.000000000000  0.000000000000  0.000000000000  0.000000000000  0.000000000000  0.000000000000  0.234422406256  0.162713255173 -0.279742887381  0.011909175415  0.000000000000  0.234422406256  0.162713255173  0.279742887381  0.011909175415  0.000000000000
 0.000000000000  0.000000000000  0.000000000000  0.000000000000  0.000000000000  1.000000352382  0.000000000000  0.000000000000  0.804563921073  0.000000000000  0.000000000000  0.000000000000  0.000000000000  0.000000000000  0.000000000000  0.000000000000  0.000000000000  0.000000000000  0.000000000000  0.230468272443  0.000000000000  0.000000000000  0.000000000000  0.000000000000  0.230468272443
 0.000000000000  0.000000000000  0.000000000000  0.804563921073  0.000000000000  0.000000000000  1.000000000000  0.000000000000  0.000000000000  0.000000000000  0.000000000000  0.000000000000  0.000000000000  0.000000000000  0.000000000000  0.436603884676  0.324600311184 -0.022738385584 -0.265988943327  0.000000000000 -0.436603884676 -0.324600311184 -0.022738385584  0.265988943327  0.000000000000
 0.000000000000  0.000000000000  0.000000000000  0.000000000000  0.804563921073  0.000000000000  0.000000000000  1.000000000000  0.000000000000  0.000000000000  0.000000000000  0.000000000000  0.000000000000  0.000000000000  0.000000000000  0.341112339574  0.253605557488 -0.265988943327  0.109898598452  0.000000000000  0.341112339574  0.253605557488  0.265988943327  0.109898598452  0.000000000000
 0.000000000000  0.000000000000  0.000000000000  0.000000000000  0.000000000000  0.804563921073  0.000000000000  0.000000000000  1.000000000000  0.000000000000  0.000000000000  0.000000000000  0.000000000000  0.000000000000  0.000000000000  0.000000000000  0.000000000000  0.000000000000  0.000000000000  0.317711936683  0.000000000000  0.000000000000  0.000000000000  0.000000000000  0.317711936683
 0.068904449632  0.700993308923  0.664283768005  0.000000000000  0.000000000000  0.000000000000  0.000000000000  0.000000000000  0.000000000000  1.000000000000  0.000000000000  0.333333333333  0.000000000000  0.000000000000  0.333333333333  0.309317653255  0.305696698856 -0.212517208691 -0.328189100787  0.000000000000  0.309317653255  0.305696698856  0.212517208691 -0.328189100787  0.000000000000
 0.000000000000  0.000000000000  0.000000000000  0.000000000000  0.000000000000  0.000000000000  0.000000000000  0.000000000000  0.000000000000  0.000000000000  1.000000000000  0.000000000000  0.000000000000  0.000000000000  0.000000000000  0.106989310843  0.023824383870 -0.199116094523 -0.085541202360  0.000000000000 -0.106989310843 -0.023824383870 -0.199116094523  0.085541202360  0.000000000000
 0.068904449632  0.700993308923  0.664283768005  0.000000000000  0.000000000000  0.000000000000  0.000000000000  0.000000000000  0.000000000000  0.333333333333  0.000000000000  1.000000000000  0.000000000000  0.000000000000  0.333333333333  0.278515518489  0.298837678297 -0.322308384097 -0.089662447546  0.000000000000  0.278515518489  0.298837678297  0.322308384097 -0.089662447546  0.000000000000
 0.000000000000  0.000000000000  0.000000000000  0.000000000000  0.000000000000  0.000000000000  0.000000000000  0.000000000000  0.000000000000  0.000000000000  0.000000000000  0.000000000000  1.000000000000  0.000000000000  0.000000000000  0.000000000000  0.000000000000  0.000000000000  0.000000000000  0.179739835342  0.000000000000  0.000000000000  0.000000000000  0.000000000000 -0.179739835342
 0.000000000000  0.000000000000  0.000000000000  0.000000000000  0.000000000000  0.000000000000  0.000000000000  0.000000000000  0.000000000000  0.000000000000  0.000000000000  0.000000000000  0.000000000000  1.000000000000  0.000000000000  0.000000000000  0.000000000000  0.000000000000  0.000000000000  0.140428149864  0.000000000000  0.000000000000  0.000000000000  0.000000000000  0.140428149864
 0.068904449632  0.700993308923  0.664283768005  0.000000000000  0.000000000000  0.000000000000  0.000000000000  0.000000000000  0.000000000000  0.333333333333  0.000000000000  0.333333333333  0.000000000000  0.000000000000  1.000000000000  0.230255265160  0.288091083222 -0.169148305568 -0.132153139888  0.000000000000  0.230255265160  0.288091083222  0.169148305568 -0.132153139888  0.000000000000
 0.049812657511  0.440120887032  0.536095581541  0.300046997286  0.234422406256  0.000000000000  0.436603884676  0.341112339574  0.000000000000  0.309317653255  0.106989310843  0.278515518489  0.000000000000  0.000000000000  0.230255265160  1.000001016923  0.903687361541  0.000000000000  0.000000000000  0.000000000000  0.294770422292  0.401400210279  0.128836484317  0.000000000000  0.000000000000
 0.060030422938  0.486836952126  0.591588237845  0.208263469405  0.162713255173  0.000000000000  0.324600311184  0.253605557488  0.000000000000  0.305696698856  0.023824383870  0.298837678297  0.000000000000  0.000000000000  0.288091083222  0.903687361541  1.000000000000  0.000000000000  0.000000000000  0.000000000000  0.401400210279  0.519601979522  0.153731929341  0.000000000000  0.000000000000
-0.050163055065 -0.286946855520 -0.283496852318 -0.127586295426 -0.279742887381  0.000000000000 -0.022738385584 -0.265988943327  0.000000000000 -0.212517208691 -0.199116094523 -0.322308384097  0.000000000000  0.000000000000 -0.169148305568  0.000000000000  0.000000000000  1.000000000000  0.000000000000  0.000000000000 -0.128836484317 -0.153731929341 -0.137516652703  0.000000000000  0.000000000000
-0.039191673904 -0.224187453790 -0.221492015876 -0.279742887381  0.011909175415  0.000000000000 -0.265988943327  0.109898598452  0.000000000000 -0.328189100787 -0.085541202360 -0.089662447546  0.000000000000  0.000000000000 -0.132153139888  0.000000000000  0.000000000000  0.000000000000  1.000000000000  0.000000000000  0.000000000000  0.000000000000  0.000000000000  0.020215180235  0.000000000000
 0.000000000000  0.000000000000  0.000000000000  0.000000000000  0.000000000000  0.230468272443  0.000000000000  0.000000000000  0.317711936683  0.000000000000  0.000000000000  0.000000000000  0.179739835342  0.140428149864  0.000000000000  0.000000000000  0.000000000000  0.000000000000  0.000000000000  1.000000000000  0.000000000000  0.000000000000  0.000000000000  0.000000000000  0.020215180235
 0.049812657511  0.440120887032  0.536095581541 -0.300046997286  0.234422406256  0.000000000000 -0.436603884676  0.341112339574  0.000000000000  0.309317653255 -0.106989310843  0.278515518489  0.000000000000  0.000000000000  0.230255265160  0.294770422292  0.401400210279 -0.128836484317  0.000000000000  0.000000000000  1.000001016923  0.903687361541  0.000000000000  0.000000000000  0.000000000000
 0.060030422938  0.486836952126  0.591588237845 -0.208263469405  0.162713255173  0.000000000000 -0.324600311184  0.253605557488  0.000000000000  0.305696698856 -0.023824383870  0.298837678297  0.000000000000  0.000000000000  0.288091083222  0.401400210279  0.519601979522 -0.153731929341  0.000000000000  0.000000000000  0.903687361541  1.000000000000  0.000000000000  0.000000000000  0.000000000000
 0.050163055065  0.286946855520  0.283496852318 -0.127586295426  0.279742887381  0.000000000000 -0.022738385584  0.265988943327  0.000000000000  0.212517208691 -0.199116094523  0.322308384097  0.000000000000  0.000000000000  0.169148305568  0.128836484317  0.153731929341 -0.137516652703  0.000000000000  0.000000000000  0.000000000000  0.000000000000  1.000000000000  0.000000000000  0.000000000000
-0.039191673904 -0.224187453790 -0.221492015876  0.279742887381  0.011909175415  0.000000000000  0.265988943327  0.109898598452  0.000000000000 -0.328189100787  0.085541202360 -0.089662447546  0.000000000000  0.000000000000 -0.132153139888  0.000000000000  0.000000000000  0.000000000000  0.020215180235  0.000000000000  0.000000000000  0.000000000000  0.000000000000  1.000000000000  0.000000000000
 0.000000000000  0.000000000000  0.000000000000  0.000000000000  0.000000000000  0.230468272443  0.000000000000  0.000000000000  0.317711936683  0.000000000000  0.000000000000  0.000000000000 -0.179739835342  0.140428149864  0.000000000000  0.000000000000  0.000000000000  0.000000000000  0.000000000000  0.020215180235  0.000000000000  0.000000000000  0.000000000000  0.000000000000  1.000000000000

Kinetic energy matrix: 
29.214907429035 -8.024938604124  0.166707348725  0.000000000000  0.000000000000  0.000000000000  0.000000000000  0.000000000000  0.000000000000 -0.746471250684  0.000000000000 -0.746471250684  0.000000000000  0.000000000000 -0.746471250684  0.000483114112  0.014155101571  0.022240416698  0.017376117894  0.000000000000  0.000483114112  0.014155101571 -0.022240416698  0.017376117894  0.000000000000
-8.024938604124  3.106077124310  0.499513123185  0.000000000000  0.000000000000  0.000000000000  0.000000000000  0.000000000000  0.000000000000  0.742406585714  0.000000000000  0.742406585714  0.000000000000  0.000000000000  0.742406585714  0.085434827535  0.099167077536 -0.199087207801 -0.155543973876  0.000000000000  0.085434827535  0.099167077536  0.199087207801 -0.155543973876  0.000000000000
 0.166707348725  0.499513123185  0.453450000000  0.000000000000  0.000000000000  0.000000000000  0.000000000000  0.000000000000  0.000000000000  0.398358518956  0.000000000000  0.398358518956  0.000000000000  0.000000000000  0.398358518956  0.118461490817  0.115638163779 -0.190963583266 -0.149197102792  0.000000000000  0.118461490817  0.115638163779  0.190963583266 -0.149197102792  0.000000000000
 0.000000000000  0.000000000000  0.000000000000  2.535961580543  0.000000000000  0.000000000000  0.700043248026  0.000000000000  0.000000000000  0.000000000000  0.000000000000  0.000000000000  0.000000000000  0.000000000000  0.000000000000  0.154438625875  0.080154502004 -0.303323124047 -0.343761248114  0.000000000000 -0.154438625875 -0.080154502004 -0.303323124047  0.343761248114  0.000000000000
 0.000000000000  0.000000000000  0.000000000000  0.000000000000  2.535961580543  0.000000000000  0.000000000000  0.700043248026  0.000000000000  0.000000000000  0.000000000000  0.000000000000  0.000000000000  0.000000000000  0.000000000000  0.120660678574  0.062623560315 -0.343761248114 -0.131904513153  0.000000000000  0.120660678574  0.062623560315  0.343761248114 -0.131904513153  0.000000000000
 0.000000000000  0.000000000000  0.000000000000  0.000000000000  0.000000000000  2.535961580543  0.000000000000  0.000000000000  0.700043248026  0.000000000000  0.000000000000  0.000000000000  0.000000000000  0.000000000000  0.000000000000  0.000000000000  0.000000000000  0.000000000000  0.000000000000  0.136671208948  0.000000000000  0.000000000000  0.000000000000  0.000000000000  0.136671208948
 0.000000000000  0.000000000000  0.000000000000  0.700043248026  0.000000000000  0.000000000000  0.688250000000  0.000000000000  0.000000000000  0.000000000000  0.000000000000  0.000000000000  0.000000000000  0.000000000000  0.000000000000  0.227356280394  0.117156538652 -0.150831935080 -0.280139513659  0.000000000000 -0.227356280394 -0.117156538652 -0.150831935080  0.280139513659  0.000000000000
 0.000000000000  0.000000000000  0.000000000000  0.000000000000  0.700043248026  0.000000000000  0.000000000000  0.688250000000  0.000000000000  0.000000000000  0.000000000000  0.000000000000  0.000000000000  0.000000000000  0.000000000000  0.177630193968  0.091532719700 -0.280139513659 -0.011138684164  0.000000000000  0.177630193968  0.091532719700  0.280139513659 -0.011138684164  0.000000000000
 0.000000000000  0.000000000000  0.000000000000  0.000000000000  0.000000000000  0.700043248026  0.000000000000  0.000000000000  0.688250000000  0.000000000000  0.000000000000  0.000000000000  0.000000000000  0.000000000000  0.000000000000  0.000000000000  0.000000000000  0.000000000000  0.000000000000  0.207730291274  0.000000000000  0.000000000000  0.000000000000  0.000000000000  0.207730291274
-0.746471250684  0.742406585714  0.398358518956  0.000000000000  0.000000000000  0.000000000000  0.000000000000  0.000000000000  0.000000000000  2.567500000000  0.000000000000 -0.197500000000  0.000000000000  0.000000000000 -0.197500000000  0.088452278793  0.070346515583 -0.277597703316 -0.443823841604  0.000000000000  0.088452278793  0.070346515583  0.277597703316 -0.443823841604  0.000000000000
 0.000000000000  0.000000000000  0.000000000000  0.000000000000  0.000000000000  0.000000000000  0.000000000000  0.000000000000  0.000000000000  0.000000000000  4.147500000000  0.000000000000  0.000000000000  0.000000000000  0.000000000000  0.115882969304  0.015927785976 -0.584651995088 -0.358776118527  0.000000000000 -0.115882969304 -0.015927785976 -0.584651995088  0.358776118527  0.000000000000
-0.746471250684  0.742406585714  0.398358518956  0.000000000000  0.000000000000  0.000000000000  0.000000000000  0.000000000000  0.000000000000 -0.197500000000  0.000000000000  2.567500000000  0.000000000000  0.000000000000 -0.197500000000  0.055089667057  0.065760919076 -0.343165099798 -0.041169213939  0.000000000000  0.055089667057  0.065760919076  0.343165099798 -0.041169213939  0.000000000000
 0.000000000000  0.000000000000  0.000000000000  0.000000000000  0.000000000000  0.000000000000  0.000000000000  0.000000000000  0.000000000000  0.000000000000  0.000000000000  0.000000000000  4.147500000000  0.000000000000  0.000000000000  0.000000000000  0.000000000000  0.000000000000  0.000000000000  0.251555186179  0.000000000000  0.000000000000  0.000000000000  0.000000000000 -0.251555186179
 0.000000000000  0.000000000000  0.000000000000  0.000000000000  0.000000000000  0.000000000000  0.000000000000  0.000000000000  0.000000000000  0.000000000000  0.000000000000  0.000000000000  0.000000000000  4.147500000000  0.000000000000  0.000000000000  0.000000000000  0.000000000000  0.000000000000  0.196536451235  0.000000000000  0.000000000000  0.000000000000  0.000000000000  0.196536451235
-0.746471250684  0.742406585714  0.398358518956  0.000000000000  0.000000000000  0.000000000000  0.000000000000  0.000000000000  0.000000000000 -0.197500000000  0.000000000000 -0.197500000000  0.000000000000  0.000000000000  2.567500000000  0.002817702586  0.058576285582  0.009209843269  0.007195518168  0.000000000000  0.002817702586  0.058576285582 -0.009209843269  0.007195518168  0.000000000000
 0.000483114112  0.085434827535  0.118461490817  0.154438625875  0.120660678574  0.000000000000  0.227356280394  0.177630193968  0.000000000000  0.088452278793  0.115882969304  0.055089667057  0.000000000000  0.000000000000  0.002817702586  0.499289740239  0.209978993942  0.000000000000  0.000000000000  0.000000000000  0.014254839355  0.039217044583  0.003933211665  0.000000000000  0.000000000000
 0.014155101571  0.099167077536  0.115638163779  0.080154502004  0.062623560315  0.000000000000  0.117156538652  0.091532719700  0.000000000000  0.070346515583  0.015927785976  0.065760919076  0.000000000000  0.000000000000  0.058576285582  0.209978993942  0.183000000000  0.000000000000  0.000000000000  0.000000000000  0.039217044583  0.053585280938  0.044286680613  0.000000000000  0.000000000000
 0.022240416698 -0.199087207801 -0.190963583266 -0.303323124047 -0.343761248114  0.000000000000 -0.150831935080 -0.280139513659  0.000000000000 -0.277597703316 -0.584651995088 -0.343165099798  0.000000000000  0.000000000000  0.009209843269  0.000000000000  0.000000000000  1.817500000000  0.000000000000  0.000000000000 -0.003933211665 -0.044286680613  0.025425519022  0.000000000000  0.000000000000
 0.017376117894 -0.155543973876 -0.149197102792 -0.343761248114 -0.131904513153  0.000000000000 -0.280139513659 -0.011138684164  0.000000000000 -0.443823841604 -0.358776118527 -0.041169213939  0.000000000000  0.000000000000  0.007195518168  0.000000000000  0.000000000000  0.000000000000  1.817500000000  0.000000000000  0.000000000000  0.000000000000  0.000000000000 -0.020594431196  0.000000000000
 0.000000000000  0.000000000000  0.000000000000  0.000000000000  0.000000000000  0.136671208948  0.000000000000  0.000000000000  0.207730291274  0.000000000000  0.000000000000  0.000000000000  0.251555186179  0.196536451235  0.000000000000  0.000000000000  0.000000000000  0.000000000000  0.000000000000  1.817500000000  0.000000000000  0.000000000000  0.000000000000  0.000000000000 -0.020594431196
 0.000483114112  0.085434827535  0.118461490817 -0.154438625875  0.120660678574  0.000000000000 -0.227356280394  0.177630193968  0.000000000000  0.088452278793 -0.115882969304  0.055089667057  0.000000000000  0.000000000000  0.002817702586  0.014254839355  0.039217044583 -0.003933211665  0.000000000000  0.000000000000  0.499289740239  0.209978993942  0.000000000000  0.000000000000  0.000000000000
 0.014155101571  0.099167077536  0.115638163779 -0.080154502004  0.062623560315  0.000000000000 -0.117156538652  0.091532719700  0.000000000000  0.070346515583 -0.015927785976  0.065760919076  0.000000000000  0.000000000000  0.058576285582  0.039217044583  0.053585280938 -0.044286680613  0.000000000000  0.000000000000  0.209978993942  0.183000000000  0.000000000000  0.000000000000  0.000000000000
-0.022240416698  0.199087207801  0.190963583266 -0.303323124047  0.343761248114  0.000000000000 -0.150831935080  0.280139513659  0.000000000000  0.277597703316 -0.584651995088  0.343165099798  0.000000000000  0.000000000000 -0.009209843269  0.003933211665  0.044286680613  0.025425519022  0.000000000000  0.000000000000  0.000000000000  0.000000000000  1.817500000000  0.000000000000  0.000000000000
 0.017376117894 -0.155543973876 -0.149197102792  0.343761248114 -0.131904513153  0.000000000000  0.280139513659 -0.011138684164  0.000000000000 -0.443823841604  0.358776118527 -0.041169213939  0.000000000000  0.000000000000  0.007195518168  0.000000000000  0.000000000000  0.000000000000 -0.020594431196  0.000000000000  0.000000000000  0.000000000000  0.000000000000  1.817500000000  0.000000000000
 0.000000000000  0.000000000000  0.000000000000  0.000000000000  0.000000000000  0.136671208948  0.000000000000  0.000000000000  0.207730291274  0.000000000000  0.000000000000  0.000000000000 -0.251555186179  0.196536451235  0.000000000000  0.000000000000  0.000000000000  0.000000000000  0.000000000000 -0.020594431196  0.000000000000  0.000000000000  0.000000000000  0.000000000000  1.817500000000

Nuclear-Electron attraction matrix: 
-62.100517264365   8.651015485670  -6.051814059144   0.000000000000  -0.017562832929   0.000000000000   0.000000000000  -0.003851318702   0.000000000000  -1.243692916907   0.000000000000  -1.242790277428   0.000000000000   0.000000000000  -1.241376037466  -1.524198509878  -1.853694980417   1.500280524605   1.171540166012   0.000000000000  -1.524198509878  -1.853694980417  -1.500280524605   1.171540166012   0.000000000000
  8.651015485670 -11.075303890457  -7.315190279240   0.000000000000  -0.177564376393   0.000000000000   0.000000000000  -0.168718068326   0.000000000000  -6.150371899446   0.000000000000  -6.117811917646   0.000000000000   0.000000000000  -6.066797499912  -3.066710025297  -3.353170604818   2.430458923293   1.872809312992   0.000000000000  -3.066710025297  -3.353170604818  -2.430458923293   1.872809312992   0.000000000000
 -6.051814059144  -7.315190279240  -7.959780802832   0.000000000000  -0.193448760844   0.000000000000   0.000000000000  -0.213877971432   0.000000000000  -5.555136832665   0.000000000000  -5.519942449905   0.000000000000   0.000000000000  -5.464800498198  -3.574626512744  -3.889726200099   2.482339753983   1.906780889420   0.000000000000  -3.574626512744  -3.889726200099  -2.482339753983   1.906780889420   0.000000000000
  0.000000000000   0.000000000000   0.000000000000  -9.884937259198   0.000000000000   0.000000000000  -5.476835610314   0.000000000000   0.000000000000   0.000000000000  -0.180295950660   0.000000000000   0.000000000000   0.000000000000   0.000000000000  -1.857727890169  -1.170161564615   1.402446561063   2.203970297390   0.000000000000   1.857727890169   1.170161564615   1.402446561063  -2.203970297390   0.000000000000
 -0.017562832929  -0.177564376393  -0.193448760844   0.000000000000  -9.837750677704   0.000000000000   0.000000000000  -5.420915687885   0.000000000000  -0.104093915647   0.000000000000  -0.213448217706   0.000000000000   0.000000000000  -0.062733927249  -1.518982962210  -1.011260888232   2.255948146656   0.298666091017   0.000000000000  -1.518982962210  -1.011260888232  -2.255948146656   0.298666091017   0.000000000000
  0.000000000000   0.000000000000   0.000000000000   0.000000000000   0.000000000000  -9.763819555918   0.000000000000   0.000000000000  -5.333301318198   0.000000000000   0.000000000000   0.000000000000   0.000000000000  -0.108658349354   0.000000000000   0.000000000000   0.000000000000   0.000000000000   0.000000000000  -1.438644801390   0.000000000000   0.000000000000   0.000000000000   0.000000000000  -1.438644801390
  0.000000000000   0.000000000000   0.000000000000  -5.476835610314   0.000000000000   0.000000000000  -5.444545203432   0.000000000000   0.000000000000   0.000000000000  -0.165649748731   0.000000000000   0.000000000000   0.000000000000   0.000000000000  -2.268322164924  -1.509303930832   0.618249136132   1.761585717896   0.000000000000   2.268322164924   1.509303930832   0.618249136132  -1.761585717896   0.000000000000
 -0.003851318702  -0.168718068326  -0.213877971432   0.000000000000  -5.420915687885   0.000000000000   0.000000000000  -5.363257131530   0.000000000000  -0.095637927021   0.000000000000  -0.179435400000   0.000000000000   0.000000000000  -0.050660229389  -1.857513761292  -1.307139049739   1.819195355329  -0.280213115360   0.000000000000  -1.857513761292  -1.307139049739  -1.819195355329  -0.280213115360   0.000000000000
  0.000000000000   0.000000000000   0.000000000000   0.000000000000   0.000000000000  -5.333301318198   0.000000000000   0.000000000000  -5.235896382918   0.000000000000   0.000000000000   0.000000000000   0.000000000000  -0.087746091226   0.000000000000   0.000000000000   0.000000000000   0.000000000000   0.000000000000  -1.666608039646   0.000000000000   0.000000000000   0.000000000000   0.000000000000  -1.666608039646
 -1.243692916907  -6.150371899446  -5.555136832665   0.000000000000  -0.104093915647   0.000000000000   0.000000000000  -0.095637927021   0.000000000000  -8.449570047460   0.000000000000  -2.816378279365   0.000000000000   0.000000000000  -2.784309426530  -2.388722689591  -2.390398021487   1.857713596320   2.545143511062   0.000000000000  -2.388722689591  -2.390398021487  -1.857713596320   2.545143511062   0.000000000000
  0.000000000000   0.000000000000   0.000000000000  -0.180295950660   0.000000000000   0.000000000000  -0.165649748731   0.000000000000   0.000000000000   0.000000000000  -8.449134838094   0.000000000000   0.000000000000   0.000000000000   0.000000000000  -0.789144349028  -0.189398058925   1.554112934421   0.737319255553   0.000000000000   0.789144349028   0.189398058925   1.554112934421  -0.737319255553   0.000000000000
 -1.242790277428  -6.117811917646  -5.519942449905   0.000000000000  -0.213448217706   0.000000000000   0.000000000000  -0.179435400000   0.000000000000  -2.816378279365   0.000000000000  -8.378895169744   0.000000000000   0.000000000000  -2.775717941508  -2.174592576240  -2.338735020862   2.585501629696   0.882040113425   0.000000000000  -2.174592576240  -2.338735020862  -2.585501629696   0.882040113425   0.000000000000
  0.000000000000   0.000000000000   0.000000000000   0.000000000000   0.000000000000   0.000000000000   0.000000000000   0.000000000000   0.000000000000   0.000000000000   0.000000000000   0.000000000000  -8.352928279589   0.000000000000   0.000000000000   0.000000000000   0.000000000000   0.000000000000   0.000000000000  -1.225691801692   0.000000000000   0.000000000000   0.000000000000   0.000000000000   1.225691801692
  0.000000000000   0.000000000000   0.000000000000   0.000000000000   0.000000000000  -0.108658349354   0.000000000000   0.000000000000  -0.087746091226   0.000000000000   0.000000000000   0.000000000000   0.000000000000  -8.327153824523   0.000000000000   0.000000000000   0.000000000000   0.000000000000   0.000000000000  -0.969739907769   0.000000000000   0.000000000000   0.000000000000   0.000000000000  -0.969739907769
 -1.241376037466  -6.066797499912  -5.464800498198   0.000000000000  -0.062733927249   0.000000000000   0.000000000000  -0.050660229389   0.000000000000  -2.784309426530   0.000000000000  -2.775717941508   0.000000000000   0.000000000000  -8.286770853006  -1.793944636826  -2.222919515827   1.421942250960   1.103942947178   0.000000000000  -1.793944636826  -2.222919515827  -1.421942250960   1.103942947178   0.000000000000
 -1.524198509878  -3.066710025297  -3.574626512744  -1.857727890169  -1.518982962210   0.000000000000  -2.268322164924  -1.857513761292   0.000000000000  -2.388722689591  -0.789144349028  -2.174592576240   0.000000000000   0.000000000000  -1.793944636826  -4.967095803064  -4.092014683985   0.997703371451   0.731054770373   0.000000000000  -1.607188981085  -2.076864918418  -0.957919392762   0.214713826459   0.000000000000
 -1.853694980417  -3.353170604818  -3.889726200099  -1.170161564615  -1.011260888232   0.000000000000  -1.509303930832  -1.307139049739   0.000000000000  -2.390398021487  -0.189398058925  -2.338735020862   0.000000000000   0.000000000000  -2.222919515827  -4.092014683985  -4.140740248908   0.862670823923   0.631049115899   0.000000000000  -2.076864918418  -2.516245870003  -1.163351266843   0.316354328680   0.000000000000
  1.500280524605   2.430458923293   2.482339753983   1.402446561063   2.255948146656   0.000000000000   0.618249136132   1.819195355329   0.000000000000   1.857713596320   1.554112934421   2.585501629696   0.000000000000   0.000000000000   1.421942250960   0.997703371451   0.862670823923  -5.329090426798  -0.433378716254   0.000000000000   0.957919392762   1.163351266843   1.018253612091  -0.131009193988   0.000000000000
  1.171540166012   1.872809312992   1.906780889420   2.203970297390   0.298666091017   0.000000000000   1.761585717896  -0.280213115360   0.000000000000   2.545143511062   0.737319255553   0.882040113425   0.000000000000   0.000000000000   1.103942947178   0.731054770373   0.631049115899  -0.433378716254  -5.083643387752   0.000000000000   0.214713826459   0.316354328680   0.131009193988  -0.166886114283   0.000000000000
  0.000000000000   0.000000000000   0.000000000000   0.000000000000   0.000000000000  -1.438644801390   0.000000000000   0.000000000000  -1.666608039646   0.000000000000   0.000000000000   0.000000000000  -1.225691801692  -0.969739907769   0.000000000000   0.000000000000   0.000000000000   0.000000000000   0.000000000000  -4.745050825909   0.000000000000   0.000000000000   0.000000000000   0.000000000000  -0.122750661584
 -1.524198509878  -3.066710025297  -3.574626512744   1.857727890169  -1.518982962210   0.000000000000   2.268322164924  -1.857513761292   0.000000000000  -2.388722689591   0.789144349028  -2.174592576240   0.000000000000   0.000000000000  -1.793944636826  -1.607188981085  -2.076864918418   0.957919392762   0.214713826459   0.000000000000  -4.967095803064  -4.092014683985  -0.997703371451   0.731054770373   0.000000000000
 -1.853694980417  -3.353170604818  -3.889726200099   1.170161564615  -1.011260888232   0.000000000000   1.509303930832  -1.307139049739   0.000000000000  -2.390398021487   0.189398058925  -2.338735020862   0.000000000000   0.000000000000  -2.222919515827  -2.076864918418  -2.516245870003   1.163351266843   0.316354328680   0.000000000000  -4.092014683985  -4.140740248908  -0.862670823923   0.631049115899   0.000000000000
 -1.500280524605  -2.430458923293  -2.482339753983   1.402446561063  -2.255948146656   0.000000000000   0.618249136132  -1.819195355329   0.000000000000  -1.857713596320   1.554112934421  -2.585501629696   0.000000000000   0.000000000000  -1.421942250960  -0.957919392762  -1.163351266843   1.018253612091   0.131009193988   0.000000000000  -0.997703371451  -0.862670823923  -5.329090426798   0.433378716254   0.000000000000
  1.171540166012   1.872809312992   1.906780889420  -2.203970297390   0.298666091017   0.000000000000  -1.761585717896  -0.280213115360   0.000000000000   2.545143511062  -0.737319255553   0.882040113425   0.000000000000   0.000000000000   1.103942947178   0.214713826459   0.316354328680  -0.131009193988  -0.166886114283   0.000000000000   0.731054770373   0.631049115899   0.433378716254  -5.083643387752   0.000000000000
  0.000000000000   0.000000000000   0.000000000000   0.000000000000   0.000000000000  -1.438644801390   0.000000000000   0.000000000000  -1.666608039646   0.000000000000   0.000000000000   0.000000000000   1.225691801692  -0.969739907769   0.000000000000   0.000000000000   0.000000000000   0.000000000000   0.000000000000  -0.122750661584   0.000000000000   0.000000000000   0.000000000000   0.000000000000  -4.745050825909

Hcore matrix: 
-32.885609835331   0.626076881546  -5.885106710420   0.000000000000  -0.017562832929   0.000000000000   0.000000000000  -0.003851318702   0.000000000000  -1.990164167591   0.000000000000  -1.989261528113   0.000000000000   0.000000000000  -1.987847288150  -1.523715395767  -1.839539878846   1.522520941303   1.188916283906   0.000000000000  -1.523715395767  -1.839539878846  -1.522520941303   1.188916283906   0.000000000000
  0.626076881546  -7.969226766146  -6.815677156054   0.000000000000  -0.177564376393   0.000000000000   0.000000000000  -0.168718068326   0.000000000000  -5.407965313732   0.000000000000  -5.375405331932   0.000000000000   0.000000000000  -5.324390914197  -2.981275197762  -3.254003527282   2.231371715492   1.717265339116   0.000000000000  -2.981275197762  -3.254003527282  -2.231371715492   1.717265339116   0.000000000000
 -5.885106710420  -6.815677156054  -7.506330802832   0.000000000000  -0.193448760844   0.000000000000   0.000000000000  -0.213877971432   0.000000000000  -5.156778313708   0.000000000000  -5.121583930949   0.000000000000   0.000000000000  -5.066441979242  -3.456165021926  -3.774088036320   2.291376170717   1.757583786628   0.000000000000  -3.456165021926  -3.774088036320  -2.291376170717   1.757583786628   0.000000000000
  0.000000000000   0.000000000000   0.000000000000  -7.348975678655   0.000000000000   0.000000000000  -4.776792362288   0.000000000000   0.000000000000   0.000000000000  -0.180295950660   0.000000000000   0.000000000000   0.000000000000   0.000000000000  -1.703289264294  -1.090007062611   1.099123437016   1.860209049276   0.000000000000   1.703289264294   1.090007062611   1.099123437016  -1.860209049276   0.000000000000
 -0.017562832929  -0.177564376393  -0.193448760844   0.000000000000  -7.301789097161   0.000000000000   0.000000000000  -4.720872439859   0.000000000000  -0.104093915647   0.000000000000  -0.213448217706   0.000000000000   0.000000000000  -0.062733927249  -1.398322283636  -0.948637327917   1.912186898542   0.166761577864   0.000000000000  -1.398322283636  -0.948637327917  -1.912186898542   0.166761577864   0.000000000000
  0.000000000000   0.000000000000   0.000000000000   0.000000000000   0.000000000000  -7.227857975375   0.000000000000   0.000000000000  -4.633258070171   0.000000000000   0.000000000000   0.000000000000   0.000000000000  -0.108658349354   0.000000000000   0.000000000000   0.000000000000   0.000000000000   0.000000000000  -1.301973592442   0.000000000000   0.000000000000   0.000000000000   0.000000000000  -1.301973592442
  0.000000000000   0.000000000000   0.000000000000  -4.776792362288   0.000000000000   0.000000000000  -4.756295203432   0.000000000000   0.000000000000   0.000000000000  -0.165649748731   0.000000000000   0.000000000000   0.000000000000   0.000000000000  -2.040965884530  -1.392147392180   0.467417201052   1.481446204237   0.000000000000   2.040965884530   1.392147392180   0.467417201052  -1.481446204237   0.000000000000
 -0.003851318702  -0.168718068326  -0.213877971432   0.000000000000  -4.720872439859   0.000000000000   0.000000000000  -4.675007131530   0.000000000000  -0.095637927021   0.000000000000  -0.179435400000   0.000000000000   0.000000000000  -0.050660229389  -1.679883567324  -1.215606330038   1.539055841671  -0.291351799524   0.000000000000  -1.679883567324  -1.215606330038  -1.539055841671  -0.291351799524   0.000000000000
  0.000000000000   0.000000000000   0.000000000000   0.000000000000   0.000000000000  -4.633258070171   0.000000000000   0.000000000000  -4.547646382918   0.000000000000   0.000000000000   0.000000000000   0.000000000000  -0.087746091226   0.000000000000   0.000000000000   0.000000000000   0.000000000000   0.000000000000  -1.458877748372   0.000000000000   0.000000000000   0.000000000000   0.000000000000  -1.458877748372
 -1.990164167591  -5.407965313732  -5.156778313708   0.000000000000  -0.104093915647   0.000000000000   0.000000000000  -0.095637927021   0.000000000000  -5.882070047460   0.000000000000  -3.013878279365   0.000000000000   0.000000000000  -2.981809426530  -2.300270410798  -2.320051505903   1.580115893004   2.101319669458   0.000000000000  -2.300270410798  -2.320051505903  -1.580115893004   2.101319669458   0.000000000000
  0.000000000000   0.000000000000   0.000000000000  -0.180295950660   0.000000000000   0.000000000000  -0.165649748731   0.000000000000   0.000000000000   0.000000000000  -4.301634838094   0.000000000000   0.000000000000   0.000000000000   0.000000000000  -0.673261379724  -0.173470272949   0.969460939333   0.378543137026   0.000000000000   0.673261379724   0.173470272949   0.969460939333  -0.378543137026   0.000000000000
 -1.989261528113  -5.375405331932  -5.121583930949   0.000000000000  -0.213448217706   0.000000000000   0.000000000000  -0.179435400000   0.000000000000  -3.013878279365   0.000000000000  -5.811395169744   0.000000000000   0.000000000000  -2.973217941508  -2.119502909184  -2.272974101787   2.242336529898   0.840870899486   0.000000000000  -2.119502909184  -2.272974101787  -2.242336529898   0.840870899486   0.000000000000
  0.000000000000   0.000000000000   0.000000000000   0.000000000000   0.000000000000   0.000000000000   0.000000000000   0.000000000000   0.000000000000   0.000000000000   0.000000000000   0.000000000000  -4.205428279589   0.000000000000   0.000000000000   0.000000000000   0.000000000000   0.000000000000   0.000000000000  -0.974136615514   0.000000000000   0.000000000000   0.000000000000   0.000000000000   0.974136615514
  0.000000000000   0.000000000000   0.000000000000   0.000000000000   0.000000000000  -0.108658349354   0.000000000000   0.000000000000  -0.087746091226   0.000000000000   0.000000000000   0.000000000000   0.000000000000  -4.179653824523   0.000000000000   0.000000000000   0.000000000000   0.000000000000   0.000000000000  -0.773203456534   0.000000000000   0.000000000000   0.000000000000   0.000000000000  -0.773203456534
 -1.987847288150  -5.324390914197  -5.066441979242   0.000000000000  -0.062733927249   0.000000000000   0.000000000000  -0.050660229389   0.000000000000  -2.981809426530   0.000000000000  -2.973217941508   0.000000000000   0.000000000000  -5.719270853006  -1.791126934239  -2.164343230245   1.431152094229   1.111138465346   0.000000000000  -1.791126934239  -2.164343230245  -1.431152094229   1.111138465346   0.000000000000
 -1.523715395767  -2.981275197762  -3.456165021926  -1.703289264294  -1.398322283636   0.000000000000  -2.040965884530  -1.679883567324   0.000000000000  -2.300270410798  -0.673261379724  -2.119502909184   0.000000000000   0.000000000000  -1.791126934239  -4.467806062826  -3.882035690043   0.997703371451   0.731054770373   0.000000000000  -1.592934141730  -2.037647873835  -0.953986181097   0.214713826459   0.000000000000
 -1.839539878846  -3.254003527282  -3.774088036320  -1.090007062611  -0.948637327917   0.000000000000  -1.392147392180  -1.215606330038   0.000000000000  -2.320051505903  -0.173470272949  -2.272974101787   0.000000000000   0.000000000000  -2.164343230245  -3.882035690043  -3.957740248908   0.862670823923   0.631049115899   0.000000000000  -2.037647873835  -2.462660589065  -1.119064586230   0.316354328680   0.000000000000
  1.522520941303   2.231371715492   2.291376170717   1.099123437016   1.912186898542   0.000000000000   0.467417201052   1.539055841671   0.000000000000   1.580115893004   0.969460939333   2.242336529898   0.000000000000   0.000000000000   1.431152094229   0.997703371451   0.862670823923  -3.511590426798  -0.433378716254   0.000000000000   0.953986181097   1.119064586230   1.043679131113  -0.131009193988   0.000000000000
  1.188916283906   1.717265339116   1.757583786628   1.860209049276   0.166761577864   0.000000000000   1.481446204237  -0.291351799524   0.000000000000   2.101319669458   0.378543137026   0.840870899486   0.000000000000   0.000000000000   1.111138465346   0.731054770373   0.631049115899  -0.433378716254  -3.266143387752   0.000000000000   0.214713826459   0.316354328680   0.131009193988  -0.187480545479   0.000000000000
  0.000000000000   0.000000000000   0.000000000000   0.000000000000   0.000000000000  -1.301973592442   0.000000000000   0.000000000000  -1.458877748372   0.000000000000   0.000000000000   0.000000000000  -0.974136615514  -0.773203456534   0.000000000000   0.000000000000   0.000000000000   0.000000000000   0.000000000000  -2.927550825909   0.000000000000   0.000000000000   0.000000000000   0.000000000000  -0.143345092780
 -1.523715395767  -2.981275197762  -3.456165021926   1.703289264294  -1.398322283636   0.000000000000   2.040965884530  -1.679883567324   0.000000000000  -2.300270410798   0.673261379724  -2.119502909184   0.000000000000   0.000000000000  -1.791126934239  -1.592934141730  -2.037647873835   0.953986181097   0.214713826459   0.000000000000  -4.467806062826  -3.882035690043  -0.997703371451   0.731054770373   0.000000000000
